303 48 1
303 49 1
303 50 1
303 51 1
303 52 1
303 53 1
303 102 19
303 54 1
303 46 3
303 101 18
303 120 20
303 98 21
0 33 5
0 97 0
0 34 7
0 98 0
0 99 0
0 100 0
0 37 5
0 101 0
0 38 5
0 102 0
0 39 6
0 103 0
0 40 10
0 104 0
0 41 10
0 105 0
0 42 5
0 106 0
0 43 5
0 107 0
0 44 10
0 108 0
0 45 5
0 109 0
0 46 3
0 110 0
0 47 5
0 111 0
0 48 13
0 112 0
0 49 2
0 113 0
0 50 2
0 114 0
0 51 2
0 115 0
0 52 2
0 116 0
0 53 2
0 117 0
0 54 2
0 118 0
0 55 2
0 119 0
0 56 2
0 120 0
0 57 2
0 121 0
0 95 0
0 59 10
0 123 10
0 61 5
0 125 10
0 91 10
0 93 10
0 58 5
0 63 5
0 62 5
0 126 5
0 124 5
0 60 5
0 94 5
0 32 4
0 9 4
0 13 4
0 11 4
0 12 4
0 10 14
101 97 0
101 98 0
101 99 0
101 100 0
101 101 0
101 102 0
101 103 0
101 104 0
101 105 0
101 106 0
101 107 0
101 108 0
101 109 0
101 110 0
101 111 0
101 48 1
101 112 0
101 49 1
101 113 0
101 50 1
101 114 0
101 51 1
101 115 0
101 52 1
101 116 0
101 53 1
101 117 0
101 54 1
101 118 0
101 55 1
101 119 0
101 56 1
101 120 0
101 121 0
101 95 0
306 49 2
306 50 2
306 51 2
306 52 2
306 53 2
306 54 2
306 55 2
306 56 2
306 43 22
306 45 22
201 97 0
201 34 7
201 98 0
201 99 0
201 100 0
201 101 0
201 102 0
201 103 0
201 104 0
201 105 0
201 106 0
201 107 0
201 108 0
201 109 0
201 110 0
201 111 0
201 112 0
201 113 0
201 114 0
201 115 0
201 116 0
201 117 0
201 118 0
201 119 0
201 120 0
201 121 0
301 48 1
301 49 1
301 50 1
301 51 1
301 52 1
301 53 1
301 54 1
301 55 1
301 56 1
301 108 17
301 101 18
301 46 3
304 48 1
304 49 1
304 50 1
304 51 1
304 52 1
304 53 1
304 54 1
304 55 1
304 56 1
305 48 1
305 49 1
305 50 1
305 51 1
305 52 1
305 53 1
305 54 1
305 55 1
305 56 1
305 101 18
305 102 19
307 49 2
307 50 2
307 51 2
307 52 2
307 53 2
307 54 2
307 55 2
307 56 2
308 48 1
308 49 1
308 50 1
308 51 1
308 52 1
308 53 1
308 54 1
308 55 1
308 56 1
308 102 19
501 42 12
501 47 8
309 48 1
502 0 11
502 1 11
502 2 11
502 3 11
502 4 11
502 5 11
502 6 11
502 7 11
502 8 11
502 9 11
502 10 14
502 11 11
502 12 11
502 13 11
502 14 11
502 15 11
502 16 11
502 17 11
502 18 11
502 19 11
502 20 11
502 21 11
502 22 11
502 23 11
502 24 11
502 25 11
502 26 11
502 27 11
502 28 11
502 29 11
502 30 11
502 31 11
502 32 11
502 33 11
502 34 11
502 35 11
502 36 11
502 37 11
502 38 11
502 39 11
502 40 11
502 41 11
502 42 11
502 43 11
502 44 11
502 45 11
502 46 11
502 47 11
502 48 11
502 49 11
502 50 11
502 51 11
502 52 11
502 53 11
502 54 11
502 55 11
502 56 11
502 57 11
502 58 11
502 59 11
502 60 11
502 61 11
502 62 11
502 63 11
502 64 11
502 65 11
502 66 11
502 67 11
502 68 11
502 69 11
502 70 11
502 71 11
502 72 11
502 73 11
502 74 11
502 75 11
502 76 11
502 77 11
502 78 11
502 79 11
502 80 11
502 81 11
502 82 11
502 83 11
502 84 11
502 85 11
502 86 11
502 87 11
502 88 11
502 89 11
502 90 11
502 91 11
502 92 11
502 93 11
502 94 11
502 95 11
502 96 11
502 97 11
502 98 11
502 99 11
502 100 11
502 101 11
502 102 11
502 103 11
502 104 11
502 105 11
502 106 11
502 107 11
502 108 11
502 109 11
502 110 11
502 111 11
502 112 11
502 113 11
502 114 11
502 115 11
502 116 11
502 117 11
502 118 11
502 119 11
502 120 11
502 121 11
502 122 11
502 123 11
502 124 11
502 125 11
502 126 11
310 48 1
310 49 1
310 50 1
310 51 1
310 52 1
310 53 1
310 54 1
310 55 1
310 56 1
310 97 1
310 98 1
310 99 1
310 100 1
310 101 1
401 0 11
401 1 11
401 2 11
401 3 11
401 4 11
401 5 11
401 6 11
401 7 11
401 8 11
401 9 11
401 10 11
401 11 11
401 12 11
401 13 11
401 14 11
401 15 11
401 16 11
401 17 11
401 18 11
401 19 11
401 20 11
401 21 11
401 22 11
401 23 11
401 24 11
401 25 11
401 26 11
401 27 11
401 28 11
401 29 11
401 30 11
401 31 11
401 32 11
401 33 11
401 34 11
401 35 11
401 36 11
401 37 11
401 38 11
401 39 11
401 40 11
401 41 11
401 42 11
401 43 11
401 44 11
401 45 11
401 46 11
401 47 11
401 48 11
401 49 11
401 50 11
401 51 11
401 52 11
401 53 11
401 54 11
401 55 11
401 56 11
401 57 11
401 58 11
401 59 11
401 60 11
401 61 11
401 62 11
401 63 11
401 64 11
401 65 11
401 66 11
401 67 11
401 68 11
401 69 11
401 70 11
401 71 11
401 72 11
401 73 11
401 74 11
401 75 11
401 76 11
401 77 11
401 78 11
401 79 11
401 80 11
401 81 11
401 82 11
401 83 11
401 84 11
401 85 11
401 86 11
401 87 11
401 88 11
401 89 11
401 90 11
401 91 11
401 92 11
401 93 11
401 94 11
401 95 11
401 96 11
401 97 11
401 98 11
401 99 11
401 100 11
401 101 11
401 102 11
401 103 11
401 104 11
401 105 11
401 106 11
401 107 11
401 108 11
401 109 11
401 110 11
401 111 11
401 112 11
401 113 11
401 114 11
401 115 11
401 116 11
401 117 11
401 118 11
401 119 11
401 120 11
401 121 11
401 122 11
401 123 11
401 124 11
401 125 11
401 126 11
402 39 6
503 0 11
503 1 11
503 2 11
503 3 11
503 4 11
503 5 11
503 6 11
503 7 11
503 8 11
503 9 11
503 10 11
503 11 11
503 12 11
503 13 11
503 14 11
503 15 11
503 16 11
503 17 11
503 18 11
503 19 11
503 20 11
503 21 11
503 22 11
503 23 11
503 24 11
503 25 11
503 26 11
503 27 11
503 28 11
503 29 11
503 30 11
503 31 11
503 32 11
503 33 11
503 34 11
503 35 11
503 36 11
503 37 11
503 38 11
503 39 11
503 40 11
503 41 11
503 42 12
503 43 11
503 44 11
503 45 11
503 46 11
503 47 11
503 48 11
503 49 11
503 50 11
503 51 11
503 52 11
503 53 11
503 54 11
503 55 11
503 56 11
503 57 11
503 58 11
503 59 11
503 60 11
503 61 11
503 62 11
503 63 11
503 64 11
503 65 11
503 66 11
503 67 11
503 68 11
503 69 11
503 70 11
503 71 11
503 72 11
503 73 11
503 74 11
503 75 11
503 76 11
503 77 11
503 78 11
503 79 11
503 80 11
503 81 11
503 82 11
503 83 11
503 84 11
503 85 11
503 86 11
503 87 11
503 88 11
503 89 11
503 90 11
503 91 11
503 92 11
503 93 11
503 94 11
503 95 11
503 96 11
503 97 11
503 98 11
503 99 11
503 100 11
503 101 11
503 102 11
503 103 11
503 104 11
503 105 11
503 106 11
503 107 11
503 108 11
503 109 11
503 110 11
503 111 11
503 112 11
503 113 11
503 114 11
503 115 11
503 116 11
503 117 11
503 118 11
503 119 11
503 120 11
503 121 11
503 122 11
503 123 11
503 124 11
503 125 11
503 126 11
504 47 8
601 43 5
601 37 5
601 45 5
601 62 5
601 126 5
601 33 5
601 42 5
601 63 5
601 47 5
601 124 5
601 60 5
601 61 5
601 38 5
601 94 5
601 46 5
601 58 5
